654815
745414
137382
110104
797029
867035
636960
267394
631002
474779
106877
390404
48678
367142
355780
516569
758163
971890
181349
415822
471294
212755
202185
44720
344062
732551
490512
455026
409694
857123
147456
283779
594769
23162
976028
667005
721199
574513
460938
497535
939499
336176
956950
455831
204666
339815
600913
497838
351947
188294
346876
463765
139845
952041
997153
287636
425031
563943
978685
902175
673713
477177
721454
812899
558729
403038
880884
259265
637356
942967
987236
864001
387904
62063
16561
721526
377207
674599
437564
421880
673883
743117
36922
572167
217778
502077
957130
795069
721349
926632
314887
882660
472281
915378
528423
600597
11382
657445
710264
931957
119630
272956
686211
452831
374511
345310
768882
854258
244066
372475
986591
496086
26746
306698
282352
28980
966036
337316
23398
709537
674175
315333
186102
333268
990392
298100
289827
606474
466650
631194
557822
285253
223623
354945
809267
434572
874027
412973
161694
703529
890725
85096
79915
819877
91989
975769
345823
105268
236900
745141
619980
609609
944865
306478
104630
870780
673274
701841
650609
759754
37403
433354
455803
472765
291007
538482
933656
429796
725547
113638
212761
516291
342076
60044
602243
698496
123786
641432
624325
758420
821784
628127
904346
983468
189977
634096
880880
930931
112128
583525
878901
327449
165760
962981
562631
448471
290589
882704
360868
998617
785839
530353
139534
490372
757644
525956
143220
425107
103596
552499
575539
559226
881703
934978
649017
506070
496334
696413
469321
801730
647015
551180
521853
297893
828667
884474
50579
723756
344707
30620
613433
918554
658957
960410
176288
548525
354130
722061
874414
565540
153765
755321
562427
848695
804426
134090
961394
23527
138154
143342
860018
185380
97960
325678
285399
117926
821569
450696
246499
967112
71670
27983
45111
889431
245534
971008
949545
835825
748392
54648
28649
85622
885208
576592
600872
271140
477916
579509
50543
641524
447474
16638
391704
853324
209041
698833
716133
421343
842243
740750
62393
909173
26121
810090
390289
74030
115335
754370
654592
686912
927497
305449
945472
60335
63387
626197
737545
817758
186265
247351
962199
947672
241726
236198
159044
662633
999372
191004
619828
873152
500088
367778
282648
49615
903754
20457
921860
183397
888576
55438
762570
587110
403988
497482
107317
840359
677540
745394
565536
10704
795420
668957
298764
794851
624765
473452
79254
354203
689427
598775
565491
150236
613581
49937
669181
405218
634377
233332
876735
882032
165800
744639
712099
946080
651630
555792
858587
682782
836371
744606
488817
558616
349939
652356
314094
975447
637746
664912
654234
366682
316403
289050
218897
983566
681039
172050
943154
182307
726927
196328
90658
752835
26744
47234
49531
855004
217022
279042
805013
135366
450198
985113
334309
196913
807529
119315
869464
748132
173187
808795
142378
111233
26591
334199
522537
410212
684425
30709
349177
676366
902748
591171
744636
520062
213418
198835
756117
644852
751722
406524
93665
574903
516393
267632
966465
300421
980821
60050
910466
294315
955017
256830
621524
495449
31035
131315
8840
863453
669346
669078
327108
287046
620153
847681
161750
541511
439900
510140
126107
522860
73118
711041
781242
285042
971149
826427
94164
296071
306356
482373
34452
692004
16617
749749
430242
777156
54920
786167
470340
355373
377335
624291
454130
207091
142973
996607
277023
825614
775346
331462
197144
768395
605249
801983
534167
616014
681597
188060
707745
316390
443014
284712
800666
48191
997418
316347
805767
520842
851535
782928
364866
834630
184410
738856
489795
675500
803782
528057
188045
828000
179809
255747
915789
774421
309019
986256
227918
354824
720643
609257
636885
675170
308782
463381
686773
334830
311542
135031
597365
564926
662660
656584
457792
944895
571283
762530
938057
441018
179369
768514
238489
841985
755899
185665
975303
989181
767942
85100
26662
259811
316424
813296
258895
793245
773811
295598
280058
840293
864786
680932
562194
62499
566656
657857
652812
440262
99473
365900
735282
481277
52953
874995
424750
543490
609502
405972
313398
13427
429129
787570
77520
877970
638081
83456
454185
328988
899594
83908
119830
360381
136000
948637
987236
984071
693904
66548
213173
442465
137340
484472
61626
115985
659653
681700
282722
52814
842259
916499
683441
999409
31282
667239
691338
576013
916596
658026
692896
847981
396571
812726
283159
995716
730542
211375
801207
608847
71283
48417
365011
498663
648791
702641
463930
817788
890012
944915
742803
643291
44758
962143
869159
380037
172681
43372
234003
522374
950173
880795
447325
632936
764857
426792
409026
755874
275264
191369
688411
714497
934043
245566
956406
458603
781961
489304
343845
934573
429473
904933
29710
675909
328915
660896
571882
596193
309638
673011
807252
107745
517869
202934
440425
662142
493915
495951
239515
941703
913864
589110
790869
399215
134673
666745
819735
141210
105705
437524
215670
571815
764880
91193
559822
572725
304653
117756
825126
863176
562122
507905
600511
292146
815991
75622
78040
425725
78708
399967
545548
274861
19860
142088
873403
163994
355004
487517
645143
463986
367348
388719
813040
210947
535683
908648
228514
937364
744512
271146
214329
637687
478552
327573
444352
543617
210722
990524
857189
674327
291614
516260
959091
668240
402767
721620
683463
450669
290238
340594
48030
440563
601063
868695
646909
9127
71106
440521
768489
820001
817371
722855
883660
462263
862268
686148
253016
250899
502944
523897
902643
937033
343298
945609
938163
355955
760979
697801
796265
387564
26033
738414
247205
278375
490859
33618
702571
444749
862755
862218
28636
742027
285107
837222
403652
131320
800567
859860
935958
440376
870790
495790
520066
967626
755283
931215
754571
67709
959771
751900
390363
418881
722971
754501
263131
188366
178119
250176
965931
312290
599147
903952
768933
265942
661359
453129
404462
766529
479909
573934
593594
316396
673869
396508
303187
708866
154733
432125
630710
891822
978395
946227
696639
781725
821113
548232
899269
261507
562814
807364
130133
131832
52286
180311
491808
150646
507504
234898
746877
312026
302616
59941
920411
911029
481900
302958
73850
229293
547338
817269
659258
247512
474921
184592
956488
697688
796923
38684
874425
648887
987537
644668
755779
358329
752066
205752
953453
606078
342983
893305
780969
497060
398567
32962
981470
902985
273789
318313
435939
270956
1327
314603
988019
864419
352413
133775
179440
746064
449749
250840
357558
249827
486048
417670
642844
973571
63962
194736
918676
183230
986439
392793
585682
989324
390575
741868
225073
872343
649593
549577
553505
540033
379109
83151
648085
547963
441253
840846
567228
741337
282948
803693
308760
844464
499811
5752
74657
529993
460260
596994
938285
513816
465251
237137
240386
832395
438712
700844
706894
649220
23977
39946
982791
588414
867770
392476
527836
128033
137920
483052
456557
100937
73160
422362
751484
939938
535590
529021
511402
340825
119173
649214
186002
177059
479862
990059
441387
552789
697088
731898
662989
141471
546603
68812
600610
981383
941663
823830
792360
855238
988220
732844
540907
967558
668341
794956
40701
944417
588141
614712
286678
763498
204715
740478
268304
79803
512213
826873
257666
411029
115962
397994
548439
149704
398619
91361
713011
968812
974549
615112
807698
34916
74172
254404
962708
285022
42254
997128
47227
999271
868388
688780
677753
864661
505453
809618
725575
786857
355824
276772
49403
498559
3680
930336
982328
444037
206973
828243
481155
657510
13046
285951
404771
693570
439476
506425
696938
688172
72546
822421
874252
245765
877333
734614
813060
83086
671854
377000
633899
389287
99792
984685
387065
734608
717232
702513
976264
520879
881411
833520
847360
218816
170399
228188
624952
722422
557923
233126
818254
246086
672783
706068
708797
298182
922003
339464
132542
467926
932650
146303
197921
632468
105163
946377
926404
600607
332619
169717
366614
170631
996336
522186
618815
20756
276515
281481
573483
783124
22990
367338
760881
230754
723484
896340
259607
634959
788060
311468
893503
606251
32303
21340
37735
599628
985749
694940
114240
257915
766717
13460
516885
948097
382226
63583
126357
730506
220635
987697
275436
76815
698077
56183
869038
691706
29331
751016
193718
141885
551279
948432
478650
768543
311605
810433
13026
739672
49962
788290
169323
841000
763841
620292
66695
994446
954820
514323
336569
861949
930268
829631
444716
94187
702253
307171
939924
497361
245625
47307
625510
962682
412328
945311
328425
194452
827589
317854
318819
817582
419386
774398
821695
529598
228271
675022
151315
594686
215577
280585
961396
237173
319375
715800
121161
445929
580868
181824
550791
379778
384157
232755
984026
19973
225086
584489
168167
706661
415466
397349
620571
179403
701354
327303
39511
756834
578023
307377
475330
3787
540666
973932
747897
106937
539338
150511
748531
899310
224291
817001
25302
726571
711455
348825
776408
234260
752770
930453
7736
196446
854785
349145
877496
418314
834032
58528
656235
829798
328829
474251
381454
262587
213391
273093
104225
924547
987744
802720
130086
471361
237450
777391
34043
975867
358802
848830
843411
585525
509670
90740
755555
461064
219582
357554
225499
434449
12196
340468
865064
326736
974042
53351
649229
923600
606323
410548
243320
270570
917658
76406
607501
267603
349433
139803
226901
717427
48282
351475
77035
409512
339914
350194
886486
764579
971169
15132
915185
684094
572842
440934
602770
963729
690933
397370
786385
968564
623806
129381
537342
802994
975624
313732
191907
453253
698525
563975
310595
27199
249333
304727
347399
921907
705078
233880
92802
904180
125810
783981
839141
988752
369271
982773
920039
209897
655237
859724
974388
35268
172542
165025
781997
406845
748241
376323
913228
574819
132758
331839
68055
387921
441734
323515
180137
85715
166096
96804
865087
803229
627409
517135
660910
348054
896468
129961
763377
743356
864920
83352
528028
90028
577641
455465
279891
471653
622249
415646
253616
63231
903690
547211
128291
785485
121683
118025
802433
932097
153171
969886
735129
933714
240815
796263
412618
694853
716155
664859
425442
3894
437168
373
612151
495807
921520
142544
689076
478118
9990
722817
845521
170648
229909
378906
923906
428925
968755
195384
62545
341800
252771
364762
255273
789127
28544
635264
100422
239326
648278
852049
573680
74994
128252
459121
185296
615972
93602
182586
323213
287157
99338
926932
435014
784596
250646
482912
779188
194489
650360
24861
656649
726491
309242
201060
577140
334865
225159
380442
937025
372648
459605
620212
883040
460996
419941
233722
652387
713518
805656
779135
100280
637070
1091
12694
280545
309796
307384
349657
147742
986255
939397
737957
55744
979808
117837
125586
593916
736842
486018
707503
911389
810735
983834
31972
583495
711466
6521
811420
456513
824410
88922
197236
283484
761690
610273
599757
618443
311501
483823
542638
829670
81573
937953
173843
73841
802395
297185
280168
36865
432424
718710
973111
772653
646615
300757
934250
991898
538319
440194
604455
740215
843659
750681
669304
455191
202931
560036
911708
101677
744248
139265
365825
543623
269775
710414
96868
975927
885962
965238
227797
800818
551031
419690
658554
287953
847037
696307
426297
605158
250920
256896
465241
109200
379417
420089
61469
515952
3554
663598
474690
109966
464907
388313
376037
299282
18963
948617
412736
160970
88884
844184
896711
842386
389746
391591
674390
88506
923594
434587
876817
128159
606335
321814
129983
166973
415909
781824
645325
305740
78624
613981
331301
974493
87206
406257
832725
352490
472893
396897
713517
259389
177934
973354
47780
931528
179667
622973
334288
873117
637250
409831
489669
575700
760222
92495
189255
169948
661515
481824
875120
546335
136045
634864
248660
606784
852467
820635
921391
271837
874227
98754
606957
992626
892031
485030
330315
573079
603635
78429
204380
293241
257122
232765
13082
336200
551113
712496
962775
973278
789581
383620
912442
230718
269827
424424
692962
801924
924581
165561
249238
764751
647273
616190
712721
157607
279445
84048
617010
690528
738995
479834
851593
663610
516884
17449
774403
1089
811519
80737
472604
498316
464018
769089
825623
233436
313451
542615
494241
533265
92028
261082
31996
298170
559771
454305
121052
131118
688293
979680
300187
232772
677363
55069
253340
801643
428466
283128
35762
46678
510300
648470
881901
75187
485508
598340
234572
263579
460977
615882
851486
504310
477096
822988
511222
596532
523368
582075
960573
168529
775312
321676
12666
929502
263637
131568
467835
981734
816555
806081
59057
48198
20260
968399
596024
414300
47017
145438
63914
318242
8877
770127
405416
593078
216285
419490
963175
561645
213212
294676
937396
976121
4176
11966
421713
268471
633426
285824
159778
656310
516094
483225
115326
125873
854119
369602
69547
916536
476021
798190
434015
420253
879653
174902
626512
583650
241534
41453
354229
659484
645682
805654
869885
51938
90726
742150
138632
470738
22286
450877
511521
746126
112163
949074
491463
232917
794179
439335
865749
400798
572133
578144
252206
423471
661369
753832
267056
474595
675419
583059
697407
92820
276580
486259
990424
194825
714688
668377
290589
682086
807661
311890
348767
345600
491457
166168
245079
342804
401677
623015
299644
902357
488673
925124
892765
656368
101240
571657
171339
15924
961118
412322
900155
4244
688838
560211
674611
936003
845886
649489
78729
444586
958863
251301
909449
934724
217597
47119
966732
904944
463595
812015
43527
310305
781473
185303
105784
884915
756075
149492
183862
160245
243054
318514
23338
221274
393085
878450
703044
715055
160012
499340
209660
742364
955830
41941
314493
102020
14522
851467
402705
865786
442706
140086
114478
881292
39729
57473
265792
846611
513909
278199
996647
312056
942295
573202
33156
708488
521352
512817
939367
922348
418826
664264
275290
204062
652353
641536
568731
488660
749730
616045
332759
114146
64719
465455
854134
783340
303048
977014
750254
503886
33916
141340
646331
142787
812652
979251
544083
141057
363345
868924
311973
816200
257542
37980
110136
31555
585902
394693
598309
368279
159547
761908
578024
727178
777771
773867
463589
723404
313346
637730
726928
520935
352362
191976
419127
910291
740940
602393
990700
587331
490467
169203
977242
938156
322002
658633
917041
162921
182063
213094
65762
929936
260847
943721
336338
736241
927653
467615
360477
421779
883801
245177
573120
992683
45484
306962
734541
770275
714449
489457
265204
796549
658860
392752
966047
581321
284172
904355
354643
747940
73267
548783
254523
65863
499368
898116
745581
71550
361344
171332
15404
975256
708432
102531
517375
689532
30367
908047
259362
965398
653326
41734
846676
837823
39220
242848
337461
254254
120896
485184
594062
508418
988041
373929
200574
343040
919422
407330
66792
978558
118240
876928
945687
345246
364262
995363
827995
459799
58263
554929
190917
359850
115586
970250
201302
175371
569697
793136
570166
678555
398041
278287
956254
473004
328014
880016
914857
636808
818157
318204
802999
115944
687353
192696
977306
693021
343444
837175
195810
647592
842811
877603
322266
804983
894701
794300
552795
670369
45674
730105
3326
849070
712728
62388
103051
649021
157692
414379
479830
777049
431478
981831
530556
566663
80569
829483
547991
72832
296872
552847
174345
332034
104382
178822
320275
849525
150163
485723
853660
827822
985407
629113
162524
905219
382797
700677
569765
478944
491773
802865
355540
449627
351340
536327
937122
775670
144741
868291
986345
713165
690824
139519
550523
791907
556901
519216
973601
179723
556304
102844
30422
769052
271782
526788
2356
145878
204738
161788
603337
401828
122345
651493
64111
225683
802330
489128
632513
713774
812557
856188
286582
679238
167274
947118
195381
155186
306888
450597
914947
850867
869878
3053
924530
458050
530210
39267
317236
450568
804889
196905
921853
725585
90878
63728
591052
687431
409045
931067
273002
326859
887814
420234
52567
11511
291850
292436
38158
571396
550151
787988
58531
602344
65196
833569
149926
123293
710469
462032
127082
402784
891156
392738
102078
916331
673958
994909
488983
36818
788361
866387
285389
942305
610088
507890
914642
719517
236706
296802
161615
871141
298085
327772
462435
207168
502929
3052
518298
222214
202699
707571
808234
495653
715637
331811
433340
647360
801631
48157
73608
767335
37829
921150
791497
507323
109818
746953
806209
395442
462080
393177
214536
429952
709491
422343
807979
426203
530523
720244
384622
403921
13043
318819
691522
586531
819410
159772
514651
870226
435075
240491
873006
156156
868830
355519
117756
847342
171160
459471
490911
241671
820086
638171
554556
536196
987968
317639
468050
906757
267692
55928
968267
252276
547407
332861
246997
88857
103400
100459
953587
984567
733526
610629
198721
580099
175439
433223
428182
264339
15695
771598
556124
228217
152725
800766
312020
799530
106673
326036
192389
213450
507548
885633
758899
367433
873888
71246
359997
675875
408189
415227
301386
592794
970883
976711
699398
767426
29510
751527
102244
80036
608231
941626
158359
203049
237548
19661
36377
43069
358078
881724
452692
966318
452415
39091
585128
687043
861275
420488
180888
526583
252599
726135
981512
340861
802747
990148
479723
743828
892943
751468
344308
683507
785567
291226
592124
418653
45572
427598
56018
934856
553233
341518
420413
87732
189191
710955
183032
902605
996436
144159
920509
184859
194375
871290
615025
818119
467825
822727
957590
674255
837035
433351
353219
37140
275056
516463
820870
800902
797308
603519
152020
719697
787444
571577
336276
311364
717093
282671
23056
438679
50016
463777
735273
223058
599115
615176
740833
436253
855025
623098
480614
551863
267629
522636
13368
161990
575231
277028
345200
317430
743604
837537
873487
242533
25661
895745
672691
767748
861495
404833
546067
668191
56231
241727
170496
769922
962150
770871
790523
159555
19987
611578
357346
946280
247015
427056
673908
885423
560534
579405
3142
804520
118542
711382
533651
217597
52699
563349
93084
222740
393915
601460
310461
48226
651151
81498
870659
101976
637415
483145
242507
638248
992853
949539
908763
461776
557114
31500
882571
718488
903604
686346
444255
678985
504385
112739
652369
288473
892255
75759
316589
736470
641628
828798
56636
78813
56274
733614
810591
206599
36522
141012
99230
507267
770001
294836
202010
717997
752662
777896
940429
843712
553458
438732
860940
105632
365341
402794
307258
897020
652015
647448
267650
351241
480741
493636
148976
805746
862242
381697
207256
903307
220900
641046
429592
521955
391859
581487
953306
952059
521036
226327
447528
256630
374726
715448
28967
802765
518499
321126
578173
834106
82154
49402
667531
12416
940056
469431
790942
407756
211000
531284
624636
498117
195871
129936
18680
167496
412651
393444
94182
581240
317838
31422
376150
680470
190634
861251
406455
592848
809897
256163
59221
930091
647201
53137
322164
173018
504573
465030
278075
62965
626768
784603
718142
854764
602449
982172
885950
182897
130261
79278
540486
453442
91362
360463
220923
755935
992666
949375
410945
93274
715658
664944
484414
609407
729490
836605
482427
126323
940436
861616
933439
319968
517553
63370
465428
178900
242276
419243
956952
924596
36063
856696
506714
260799
638723
490177
376236
690152
658583
369513
91746
19941
245914
843356
74520
575837
862190
485505
404489
198083
677574
451147
382804
916952
942015
194693
353796
793599
610831
23749
374639
509578
427566
529174
15391
325210
422589
895191
589510
23103
546983
688404
10385
711112
892244
485548
324329
959173
763553
31383
370994
346627
482945
653020
65537
400574
581680
628775
168689
802578
344378
367561
349096
142212
162158
445809
590289
571302
300111
404329
281389
132056
627484
971262
653485
557238
284031
409482
84188
184896
538781
978358
472113
439956
815733
340909
683523
35958
968170
919173
708174
189804
294563
300788
985661
172295
530101
582453
691622
900697
567041
805784
985829
242286
517540
464615
46655
449408
301694
154362
155278
702586
573264
609923
534531
466806
482230
540262
97542
824754
830187
36347
547670
698472
641355
990315
925977
847851
235457
993536
205591
73568
717136
267717
535322
196990
903399
996344
912617
327899
2448
987511
488679
85164
920085
45272
462215
19924
885745
421790
841956
492163
573270
141816
161378
511064
175042
779678
460044
583338
833254
651596
274018
552132
402113
168190
427205
527025
237896
336876
484787
443745
571333
805552
410567
776556
887161
973871
799415
189492
835796
624318
124578
882686
325980
511402
232390
614322
249391
41127
978199
794688
279472
343130
923851
774269
128117
115778
274090
423451
814311
382298
556632
936336
962917
619250
962258
199629
900498
933097
754762
727600
489098
966398
544330
555869
857487
694881
189937
408422
640300
165562
124394
528990
651830
464167
202214
564650
477846
542151
292925
705046
92500
869420
549257
894323
853431
34220
315445
478688
136492
279571
408741
633095
855357
435755
261277
502046
921094
332037
968904
526081
212045
990054
720439
308413
877112
84223
478504
171488
842591
942620
952048
627187
100258
467940
136171
494653
297964
148356
754638
934606
358234
486558
182655
531185
82304
187732
616264
381779
599617
256886
330294
878849
186102
46499
751158
771355
183131
933972
438300
66917
783003
688001
653795
710330
743842
483821
720341
637945
619695
343406
288502
479681
138410
400338
703172
432158
963982
925382
560842
510473
161204
375688
294399
619020
265760
467263
290527
477117
91339
580793
183645
202467
266365
902623
354591
844100
601593
390032
140284
710105
382381
288928
129399
421355
647788
89003
966529
764538
320346
159975
827990
392532
582177
223384
19022
523741
865929
522352
982837
494394
467850
325064
578190
314175
77124
713479
574387
935425
237057
452925
117620
429223
317858
466715
174676
111433
402769
683760
159597
528288
384625
325259
613368
370184
866230
498371
903664
451868
4584
96650
211603
253453
985841
663650
552888
381906
778363
433953
265479
133135
154475
977949
786541
864669
758415
768997
204386
955735
469975
938323
907518
673405
324478
449590
142215
207212
627466
487487
812346
875414
307166
946776
597913
864272
138207
475998
995860
481205
828298
29149
653981
287538
367644
81817
568918
268274
65978
362649
565837
217581
292980
601000
23865
957798
924248
284439
597793
29907
752638
496542
759967
818711
400258
334575
260265
388175
742077
247174
263421
954946
685863
636502
832896
462926
357322
280297
705311
881094
41195
412405
349220
267452
993328
667444
44881
985310
144561
837138
360133
8482
285914
330074
216563
354623
38743
302686
373498
95964
755751
63251
434695
534318
17825
550042
301849
282110
604137
752042
941216
371940
763289
821669
968492
571544
520884
491989
723770
105040
245880
963153
622528
571681
403758
755335
170994
536545
463344
739988
131545
6987
751631
122045
588414
182988
382398
567293
770767
510275
952750
519673
632317
936180
78701
920753
962497
140376
94616
165059
766356
459715
89408
143697
221459
323112
134852
306005
365697
955623
759401
645131
119761
694281
375596
834501
503589
57131
853760
820630
917377
185872
469626
235654
561702
185358
862999
443412
437224
935903
701504
831758
5475
340901
44910
664864
184319
722300
706797
156593
747366
664241
701521
225694
757796
69179
910523
473961
798837
630127
96187
919366
523561
987386
228209
327709
503958
405585
415210
495929
534424
385818
612960
516685
894019
622507
491252
458752
981413
655097
416924
834458
554396
254606
444239
774177
336561
789829
692470
438889
968618
257465
174931
394424
983381
875363
571144
625099
615970
40071
932044
87713
306344
315464
550291
54656
29194
694480
908039
167155
870873
241059
727687
970289
613937
255534
239311
965546
29800
452441
849089
882924
230818
304696
429827
731512
856478
967832
838147
195201
491057
920071
349098
587447
529532
434331
79826
255180
417030
265947
46937
108205
89244
222882
245649
207825
462934
877902
471830
16323
993599
771911
325721
912283
996485
620211
269717
279235
443930
850483
810695
986738
35331
939911
253192
462177
642381
914594
361380
441139
604050
820445
357517
904876
598044
731445
420691
772685
405186
17878
879768
769371
809965
220417
964931
624566
896370
174094
678352
220865
919450
170088
447256
267362
704318
184743
182549
594227
948692
87541
836742
768242
73890
218110
686603
235903
809659
756318
680360
53264
577156
475261
486717
248995
910485
912381
44234
392527
530629
476135
663549
737177
646192
332074
419600
570264
278361
900056
950578
404297
183651
613296
604246
746371
449569
229159
663407
857974
699713
138380
641771
458920
264905
604513
461846
370733
606442
781630
301215
376860
967339
338630
656295
785169
511227
870194
118885
845124
153347
131766
965978
821621
591628
374164
938794
644608
664535
136840
663203
815854
344093
949711
652090
883183
326741
733707
913708
653573
841430
113788
205094
624728
259620
50728
271348
822713
974212
68375
878775
434677
658767
498958
551285
299157
81136
180654
982329
225353
167568
980259
155707
714717
369680
193291
674987
195929
918372
935908
132737
661914
707058
538373
925174
434059
657651
878940
399842
767051
163231
915677
707728
362591
52026
863072
461428
401553
505869
698286
425085
360846
108953
881266
634839
863374
927852
583131
64822
255149
377407
220775
374481
687232
902659
741922
830467
79259
602451
417849
1435
383872
565441
148022
252946
199851
371867
270760
75742
142617
895747
733251
182160
688013
208439
325477
258372
712139
441738
855476
369351
648003
736679
449224
673549
623093
905294
5954
898311
71914
911627
345068
393996
9621
344071
68025
5014
743106
52547
295816
885851
919012
764168
698778
125813
156949
169776
515409
566027
616950
978013
723553
335665
521523
874340
406699
924817
909054
60370
276672
703092
669682
765199
647137
634838
892039
869790
910174
715440
92206
335736
910519
179485
298930
205746
974919
415661
128240
950048
404675
644296
137908
208113
176403
158325
944910
149234
991706
632225
80479
102639
628834
222526
243420
461792
725253
613234
902841
994037
462707
92069
429459
286185
379787
465699
649981
993014
292716
457705
221146
8565
249319
32270
933693
127425
185634
954676
820651
990580
489439
450993
651881
19
864618
163714
10445
173951
737119
667809
71499
421790
556056
78982
481024
567536
728636
468488
538888
322383
621871
571154
120052
289466
529046
296666
4842
944109
15455
965325
862643
83856
187658
909446
89287
816851
580726
542846
266057
693188
405548
830514
17959
895727
615153
171703
596510
385661
982053
300140
948296
431094
977159
862988
431660
158852
808825
611424
910342
145896
67211
273893
211145
821237
489960
466449
804378
2238
690000
459052
588064
766263
471662
352857
858404
343285
609396
83958
895361
575843
61292
524842
517867
14147
730187
691
897041
72308
810645
511542
276644
576059
897062
382725
487750
933455
523421
744287
761523
892943
308902
484810
843986
357221
374413
114142
981654
151312
771763
19018
468928
704237
109454
746829
900909
743874
732153
718735
38056
431475
776127
127237
424166
551002
337431
149794
890100
900961
663499
96434
432444
413263
898982
844464
246951
326942
719234
892065
867273
159510
790612
343114
201512
879102
778415
121739
861805
430701
45646
819944
166185
294577
239562
618346
50378
760706
842102
969415
978652
43616
146268
763898
896267
621050
705863
412890
555476
217389
725851
211868
3381
400455
610905
398089
702841
200077
273717
848928
483935
401592
667231
611086
620760
22761
325372
859898
210950
67109
427867
141706
515717
451220
357682
245613
186246
155143
269994
799761
574311
234476
748649
937373
888720
561809
185366
226245
609853
587255
721652
421705
575961
356187
153580
503650
812767
286662
725742
364225
429824
178035
982665
347886
930787
6817
720922
579467
869675
200688
523516
844296
833402
344790
714413
602055
16505
22825
560161
867624
747939
162477
712163
716129
112949
309269
156756
591100
521415
764750
569863
556476
757513
901876
948295
812819
938980
369807
938761
140426
706022
318854
355124
833207
405369
836884
159777
617567
795694
758827
341
346132
396758
945530
985520
170131
82415
640821
970444
114748
424962
289219
502392
630085
352129
747752
640026
636844
858373
159435
711679
264923
588570
532651
116959
304746
960081
709837
812901
720934
683697
32554
19468
263750
123520
598128
887707
392256
765855
434657
189305
374134
660439
29288
508230
111932
754285
312672
59830
961125
819564
39634
182666
142958
661969
349177
188217
202899
393118
245851
890006
842548
767509
393599
204804
65443
866361
63597
804618
694775
588333
562075
901617
306935
704548
282852
457598
925567
744643
65541
50303
267190
115454
541857
205368
394823
733609
247533
718801
869569
291203
920435
392538
622702
588840
407878
314990
395014
40736
444133
271958
981953
748196
87444
846398
484145
113530
991470
195238
499551
257752
650910
387042
564488
912205
922739
479855
120128
410408
934133
383811
253488
252099
738314
205339
117026
583073
792163
423085
139100
675980
110532
324666
897790
844749
902231
419994
869349
873981
310657
716429
424736
849916
285854
503218
345730
575557
940930
128815
949684
232380
149096
604680
875408
600574
815208
187825
396832
305240
408857
584961
298343
405251
577687
438412
16106
920590
826386
473082
659898
727938
184766
906125
228476
333827
755752
367174
835191
525066
851984
563653
984189
338052
163860
376298
713338
427060
769087
926455
964586
721260
898317
261897
242789
504302
397723
968390
412569
942891
851323
951569
147406
722185
603661
238501
454868
81593
798880
66094
531170
52432
115182
744769
493342
918884
510517
981712
134171
507851
316452
602171
458571
202829
81686
660979
854067
134642
440109
332
10058
182292
746843
238148
249348
320244
445259
583970
613257
248526
595249
718490
510553
789242
973082
807395
418449
261937
672519
666791
447572
17978
60016
586028
307006
450360
267443
211771
292506
878252
90235
434875
198960
692382
256666
457163
156850
128210
159766
143685
221534
226727
659349
594534
2421
945489
580368
805116
56862
595580
269967
362497
953976
196187
889952
747338
467319
779410
157263
804175
667799
326751
949759
269019
862447
16606
976903
538528
569485
392382
879648
132843
450770
122218
949578
581310
246658
437771
427209
451781
986398
51152
533734
180761
974125
459755
278974
951593
101341
88160
890362
995315
979198
989597
535903
37296
989715
399593
131605
782352
480462
361206
654791
773251
995520
539666
778631
674986
934288
370426
562804
125129
129746
825295
896809
930227
297850
556997
109702
462870
813573
576372
206375
672024
957268
67043
710009
115322
744429
981563
587574
899161
45877
769002
577301
82133
821068
882366
939630
278316
842489
63365
48853
99654
519064
73568
327671
721534
399117
788221
774379
881117
663554
145854
561456
515010
765845
477581
701814
353151
377969
302416
651373
873644
295543
262238
498429
562211
315135
727441
168519
346507
523437
12984
93170
325404
514864
435681
471557
765943
152656
322335
60264
63471
59474
486916
614222
530649
431077
350551
800044
8625
203488
689229
705114
3868
969767
363096
12463
533120
382013
982956
49465
576111
297721
687595
940588
481600
355834
323858
22400
728928
373056
754613
518891
470831
421545
880017
20221
856432
82193
138547
561650
938553
514452
154501
33825
61684
999253
350386
291010
184021
537777
906632
96332
296282
549761
181170
291825
280386
283925
825465
81316
698025
663463
974647
530897
439297
664947
388889
504929
500030
278930
141585
860207
689292
581952
645852
691302
334359
316564
320250
993956
221483
149688
592017
803089
871259
478598
802479
737331
87875
913692
141002
228343
388990
709350
607184
940257
431993
945943
114790
201122
671408
348486
247751
90329
531142
586172
859433
524442
66206
220558
905583
889117
575382
59504
809584
693075
100432
945939
288706
800101
530790
398873
556484
293238
966467
480744
278049
157528
172203
556077
17059
377932
289705
854951
249909
467393
563439
973442
758379
673414
92609
607105
296550
923988
675869
984658
112447
875498
776646
448173
939452
796302
427840
320940
83207
119055
608064
326162
180183
616507
630381
729572
186337
657760
393009
766844
366050
940719
955783
526519
954594
529401
121819
250243
586312
910609
406547
678305
508016
401535
583168
759667
158021
554924
724417
505923
706195
749823
906712
189178
811009
359270
414302
534141
555302
955899
814383
203876
498588
460617
926720
198286
763438
554094
517340
667609
34989
486920
17062
275889
582968
616268
851961
424809
452101
883006
885754
284521
924471
536135
188857
784217
951302
92734
952347
924382
578491
953911
548811
221680
714714
559682
391175
231353
107094
136854
559847
120555
294856
973680
62703
62782
884807
485869
826217
330107
563503
583569
589965
54781
59630
69521
992704
980848
530530
957486
91918
752557
792771
950003
939180
937010
892679
515777
327946
540519
882889
726793
34671
757762
982425
383013
881587
18098
669807
395658
43114
354902
459330
204422
920946
480793
971838
429985
216885
965082
430144
903734
589233
407902
581408
66087
640004
21324
716877
542360
714380
962860
10725
991420
597300
613728
305553
471510
581595
667834
58228
488677
804459
814114
131083
18517
680056
129019
565657
913430
144858
372250
456036
411619
853279
687973
707301
354660
14754
382176
832939
906759
531867
104578
112854
97665
175086
726893
839523
642166
934848
133013
649907
44342
248183
619904
34763
544077
931788
333641
31669
939569
272180
34767
27653
7872
449769
932158
689496
505568
583447
48101
15136
341564
236601
467578
650708
512393
877928
52052
845831
311240
797189
372498
445113
68549
53256
288074
954964
524669
256225
995785
473025
553203
30615
140840
819671
55493
337949
657657
523345
253248
119985
251635
109749
336597
944002
263322
708391
739940
638021
864227
413734
883695
38017
509714
568857
134270
57426
888189
112775
534855
4476
662055
942077
545487
616775
712907
957380
357024
796949
413911
126288
790370
335477
561116
48451
286659
928744
119921
298614
593302
115116
120571
782601
42075
873579
283225
189796
437356
183243
653597
182545
903381
64347
484928
272319
920911
195280
771856
813052
885954
63738
673201
221620
840535
724451
750488
924824
591727
771455
47577
614636
370608
357297
861091
845368
914066
120157
459278
370152
312151
820171
770538
867818
461757
206100
289189
171182
763802
226365
34783
878875
947829
329136
165399
811926
52016
385723
145
54334
309598
465467
481526
272151
245459
328575
708672
964924
153572
447257
244364
327481
704595
490227
117440
854426
658119
960778
589832
755193
188690
199486
148941
94787
591844
80716
352367
985379
772999
72195
413997
322786
143221
207399
993687
276192
711861
46761
890393
453506
428239
192118
854841
879639
493510
716088
603585
594348
814408
600326
510677
363621
443095
107288
813648
639131
163546
826558
126166
804670
179498
422829
615733
88289
350622
441177
918999
948287
680525
25438
347588
787076
741759
453450
544446
826817
106756
494884
636937
821644
594774
375751
420355
586198
331073
917518
882002
605572
343675
859828
282459
454771
542678
114734
215391
558436
453960
565061
434430
272408
443292
83938
131568
792958
51749
191563
817921
98857
811560
813119
606213
831794
119647
620959
649348
757898
634131
512136
146624
987184
951494
253327
817281
380421
242404
381162
497480
774355
204964
959310
556988
109600
225724
919768
457369
705052
175765
771266
550648
119998
61903
838392
451886
100080
211262
544571
802116
920039
242399
446863
698619
895106
372430
906972
166347
471481
961096
612370
664192
77003
133318
33082
284448
586020
204398
549637
657461
811203
198875
817029
184814
963724
141335
99992
295207
412541
497955
198529
33805
214106
173161
961398
481377
552220
495920
549177
601742
233954
797992
828880
854482
516634
650721
909522
176229
518599
650724
878155
700991
150156
528016
302368
567621
83903
347366
468563
345355
688586
133558
609288
890259
238044
108860
876896
587294
903875
425038
425498
71608
84928
323106
485040
781598
636617
755844
52775
531788
539581
662072
735634
288578
778599
146586
628950
964238
356862
392900
66544
495293
547650
791966
792667
808548
64434
414110
735463
836914
913816
115683
896465
508667
183309
443444
96301
65675
431707
727762
568797
855079
38913
293610
527412
928693
534424
959560
88913
602627
132710
657493
733519
281318
722874
502238
393761
490756
59499
858820
830525
60753
488329
410940
371931
301230
588598
985205
469403
762170
21177
813290
12702
427026
378240
282874
774924
540831
282648
412222
114966
871257
848200
246324
139215
281000
851757
949888
612141
373066
127152
716995
945757
371012
913383
247962
273397
996752
895798
214914
179891
92735
392376
733910
759361
200816
920641
995128
312898
546648
809422
358334
410204
602164
46740
250592
941639
409357
158252
218337
792698
239052
655432
299197
153602
878804
857859
807501
181651
914531
141226
616244
8037
779337
896111
620643
402784
466164
400192
28754
201548
301836
83711
860729
232482
87749
983207
627985
144844
927191
574615
46530
334626
216251
869173
908224
717926
906460
35409
753435
9361
314092
76955
809558
491007
313262
607016
440029
927037
863787
699094
887579
648665
939045
159127
32515
168283
295457
94075
164334
752318
127593
253491
120753
633060
527109
754098
816420
827113
686333
146449
496244
936657
842645
827710
912766
579874
487338
743376
463472
639005
869186
292865
620649
33191
455154
832504
283158
334246
268188
286061
394002
926357
960832
507354
515883
250641
658935
75417
32582
855545
103312
550793
583217
355187
297112
941968
369803
521226
845866
959075
836388
132192
771232
440254
664977
66816
652564
301120
740593
294352
185951
337401
45305
178237
827426
744123
554176
608924
441119
462663
653205
670577
318717
713053
990796
653335
986303
865458
256035
117123
230930
406784
125785
831300
398368
498625
5994
785231
299343
1210
455043
973685
108126
443566
506065
435375
629961
476059
561505
642028
696327
331399
711569
551162
843027
569306
363431
383795
731843
15911
580299
878358
856661
734235
643053
520335
745164
333735
802767
524857
696149
711756
485305
382120
778319
461392
576476
165774
262951
204576
681980
661795
639247
746661
653331
960896
774230
799797
650311
604217
250915
938726
954579
61473
520796
410894
25352
309867
813839
338654
483061
947576
359577
275725
645544
668634
737260
658115
450199
865064
353080
628055
623613
860112
600298
299888
801426
406589
919539
867756
422555
215663
840993
767455
487333
145374
121741
395110
130770
595108
150080
841158
398568
771903
812268
833550
175401
38446
307577
58880
445993
466340
686671
749180
766402
717280
266628
607033
624208
103984
597283
673452
850216
829470
190796
344439
301990
149710
483277
487541
988109
238108
404920
860848
553932
526912
608816
232541
935974
189732
686939
69654
78300
165821
56106
136566
648571
488282
982772
855275
493080
277976
902159
487094
857915
283833
935020
353424
500563
991684
403952
298706
96640
647941
825277
611190
430623
26006
443539
65665
394044
295235
41868
645710
608684
147552
241494
275
883513
738044
427614
402246
505432
175815
353771
346588
324642
787336
344202
833527
468473
68250
604173
880044
634862
371671
548557
723618
119152
285636
593901
678882
967120
252804
395793
490093
197849
923321
203678
695019
246424
592835
898758
308941
306767
118274
875452
132247
742795
112325
249977
607649
656375
604369
34111
965412
247686
338845
947382
296206
267823
451344
658882
304202
776083
948915
327137
131020
700896
838023
773139
96975
215912
202758
671167
524531
784944
601418
575221
657560
690284
410899
902827
763976
647658
959928
298337
265239
976108
633814
302164
37086
280700
446647
60741
662110
994873
876826
112320
51593
105390
549607
827941
27872
550667
793029
139774
851835
631987
566502
332988
408143
51720
231150
687983
878538
383354
521521
668171
963546
767085
466700
191352
481500
553126
601795
699267
943424
647430
407662
519640
426533
580416
980064
775747
412947
39276
132285
441423
60418
311934
907795
363197
362675
257411
779384
850176
340512
887873
873195
682458
306077
307280
433821
745023
162755
195787
130032
506334
194339
378876
688421
253150
964440
290700
808684
813150
466309
850705
866573
764828
866019
962446
538946
151242
92531
312105
508442
507254
384164
975070
39675
449135
752888
760045
166130
985388
259929
698086
895014
47119
688493
55414
796579
454777
651174
399540
151547
659903
450262
986865
664387
808218
251445
646967
427599
276562
84810
257529
200761
210910
920095
501566
642909
213141
842893
704756
255791
51018
734684
891845
555669
698340
539141
785553
171120
249637
672648
302668
355149
343917
739723
385286
858318
275873
242679
570865
652716
423162
895540
235922
409970
593931
883555
407158
217946
256857
527235
384690
60449
398662
952860
950753
884245
971657
502123
76973
79579
309825
793710
796005
901324
331764
842142
259290
942934
870409
47747
799894
18917
72278
447558
40532
463396
144790
607353
872474
418916
214528
721328
327475
711598
759223
84017
777448
105023
452529
545576
892799
452240
774301
774738
269700
948038
785133
685495
749825
216918
899527
892964
337301
111014
936541
654634
451730
288488
778834
304282
804778
76602
823925
489999
150760
714874
841860
169412
309382
305078
358679
176522
800313
801875
269362
459810
499034
93156
398049
987770
354004
811783
939624
307438
162417
816823
175306
744328
758064
160956
480439
131551
878054
938552
377571
828907
846719
668451
497855
664977
542114
197827
261838
482303
21781
396742
509095
711823
579916
815397
920718
695069
285688
753926
733242
738312
398031
974244
575116
289790
900724
151225
391756
616129
132262
441165
990163
448078
692286
942432
200246
163308
209330
606446
361608
564301
764411
604725
743448
631766
438504
186709
211620
169759
456671
122254
384302
439651
739097
26188
772103
916897
664106
131995
578169
963817
646158
213736
955770
881765
639934
752850
126265
78755
349434
659248
443176
289805
550316
439390
650152
665462
71400
647516
267063
368931
7895
470825
817857
705526
589837
635636
659108
394680
435082
494144
288949
748783
753746
10513
118038
635415
144795
622557
684815
408813
3208
949576
636894
669552
432214
338386
992345
433597
161022
137609
979705
28149
311830
544768
627448
894117
204015
113647
691759
828205
314201
736874
425302
398320
47077
388032
201257
237023
427914
863091
114260
271831
729404
867334
925943
706381
782727
818562
398902
5587
393200
389051
202833
793522
247751
100418
151551
226087
711507
63899
570524
208346
11349
833394
736879
537389
415451
981116
524183
341144
722506
898735
51171
762060
265454
615372
552228
455344
240208
313737
535615
543082
363970
433067
329753
683391
580107
818527
981497
520913
810200
68132
932565
615167
904548
960102
346308
135802
883456
57976
119291
474308
24494
742924
160288
440784
3476
607213
844722
246965
940617
577828
373219
887417
17593
76706
199978
970215
359413
977592
529286
171948
152627
230640
684611
243387
150914
448371
283564
912411
910016
995085
205378
417580
638786
546613
614256
145924
355236
914729
565791
950658
983705
492453
811973
604594
7790
425732
336243
268524
234423
71482
574546
229517
201118
377881
117531
491221
454153
264193
402164
211749
710484
444490
58347
769715
518725
617309
480954
400794
385037
414219
111337
458427
866156
108253
643786
61725
167124
513201
393370
636481
701696
611414
32210
995084
964889
850674
439506
954249
159234
452152
925380
672630
788396
342116
963542
344346
567055
697133
729819
766188
483804
452246
201718
39765
659854
288002
674980
843885
750785
232537
30337
995874
989219
992613
152965
774216
766857
551749
859562
530053
402238
23128
660561
743666
890698
160424
483379
430266
522099
558720
962940
795123
152832
696349
768621
830794
801371
810986
959809
340283
345485
845916
954072
433399
218111
840058
199717
837483
797127
650536
343184
850366
207122
778243
755984
139380
759692
919363
327784
721880
458089
847301
939660
651014
363346
451502
364913
684597
800082
337689
447935
451262
19936
462105
516442
497033
704063
86892
856898
891519
921950
731035
201116
915707
991258
816082
336568
697366
601943
111389
755080
365489
980144
973723
905646
747034
640541
875802
733870
697140
261837
644064
786501
345315
849248
240790
983233
108043
711238
105962
160229
224056
352780
860202
673219
205621
54139
747645
263092
607038
506273
516291
512209
737629
500323
18699
276104
503770
589749
326807
801375
233836
713988
360654
88682
276907
222827
256625
861449
204863
28510
473478
65046
296268
169618
172757
835663
778641
982015
120185
337637
155528
540607
835925
488851
105684
177557
926288
988973
307329
50168
118329
181083
381163
110355
121222
255059
28957
89069
93108
141249
124955
531388
39006
429508
904427
750181
948305
898866
48454
622736
800040
938406
629254
535542
816820
104015
627819
229075
169244
334297
520180
535631
808046
74389
689828
939703
684339
578966
669154
407525
204849
596588
426815
48566
381449
988112
858330
647717
48204
912416
160629
76000
286971
776557
895161
978033
872008
242846
288782
630992
669121
941218
771199
59743
288487
569118
225617
678383
492232
440294
234956
982530
841237
293114
515044
759140
408589
330077
705375
752734
21172
529726
278892
772660
912307
411614
319298
771252
110417
70004
296247
798446
180563
180699
281244
31681
656495
405531
163215
818442
6499
29417
850496
70835
448043
476608
291760
881638
692956
155309
2059
152454
240258
758966
512256
990632
99279
90231
203782
701093
994656
977755
495089
285467
408637
89505
890719
627929
954009
517966
475410
880310
125825
896656
853375
173493
908883
635234
977944
133526
692768
943159
698429
472521
975811
57394
647674
309002
724411
386276
653149
388308
543175
799190
51265
876520
347291
880828
361854
950158
806143
126986
969577
206281
764346
334120
552170
813943
293282
887670
230578
989474
543302
743615
38142
435198
83295
568226
69043
734870
153546
879016
532510
354719
166522
676543
450768
213876
238324
575724
694056
7580
556272
74711
937313
735051
197893
918060
345152
883351
469541
191052
956211
576264
658926
85613
998896
291377
643405
447659
672977
428895
656400
115773
855967
905381
151798
763582
953615
178206
948624
685526
598836
595338
340007
281587
595796
648980
960791
746122
981204
186793
640132
387527
401082
571909
231688
152798
371086
55803
829623
683304
300611
837198
899401
252619
208096
16266
643898
323324
475740
816465
177660
669189
676347
388635
620268
110844
78170
607851
750257
220678
635202
492625
208637
767557
34356
687405
158709
631014
377763
306919
89429
359804
279840
120651
849538
869044
144260
953536
572458
104136
299345
159414
157862
694632
626435
961870
143123
637184
491114
751987
33685
279366
65801
134721
128333
157882
433164
213171
305474
410127
77833
418972
802400
239916
397545
612329
979936
867858
286535
598368
300975
914275
103269
787978
23002
863791
448736
268894
426507
545404
666965
848657
37474
208185
462548
581545
63016
290675
862348
836839
471287
541791
852656
708892
779588
90401
445897
965121
839328
262018
784795
289313
469531
503591
306883
765778
43187
242039
63991
507930
235462
89131
1022
625917
748628
533713
593920
494844
222084
703545
370376
321589
961296
819090
87585
883049
56404
417035
146347
295916
384525
406912
823310
693253
109093
111808
936076
142886
424935
215399
789143
792122
268186
424089
916296
772600
966634
527701
258376
688799
209581
360243
871243
589524
440803
759466
70093
906083
104166
234566
740496
754237
34797
562771
560714
259624
391842
905028
835111
419586
782584
672601
328312
747345
986111
650095
92964
893674
440084
758985
886063
78184
171303
31004
730553
690734
660778
981396
562394
541767
7497
180915
370730
583013
499043
641742
423690
415980
666089
678065
596329
537547
732516
998076
102725
382580
585811
141715
787973
145496
390513
986130
87208
618498
403190
698138
929098
717324
667598
983008
77606
389219
708386
989480
38566
990454
518107
188694
144581
884454
658391
337610
121458
507687
516230
790827
68912
66427
38612
904324
411037
201074
420576
455519
743322
354643
593169
81479
145579
713079
575889
144473
917042
38730
814768
113484
673611
222012
657388
432970
19435
639792
906124
54092
332646
772302
794691
279936
211670
143809
305914
505800
242358
485002
134984
328078
6531
818175
283422
412171
757589
752093
112448
95084
790164
411613
34986
994266
644601
82177
445522
117556
797379
303182
224362
69712
959111
110195
569751
794348
619902
327308
946032
575118
547925
238182
424127
253991
319722
710773
809960
999395
1650
443052
10358
440097
14981
15731
678989
21007
349712
614812
498536
220676
210097
366292
213010
377893
400662
4031
301798
452229
998597
581923
953977
73690
673755
418352
670135
437302
289515
811525
645482
909047
321972
176042
887855
217625
849986
619329
166195
943893
158243
232985
252374
559555
972889
762548
945834
859910
890065
924931
721250
399936
908366
966464
643805
102000
587139
473965
279200
157407
240534
985109
581989
69637
692140
357921
662921
232813
582070
334221
81992
552584
736252
651033
395909
564838
337463
716802
261085
916246
460885
673732
15183
759261
600066
618994
934747
267509
169211
449374
572299
420447
422407
710976
657586
152223
570676
396995
641956
771891
866925
506501
233023
985570
714934
981551
131917
363560
121048
494992
404974
200326
375725
347422
360129
55890
864108
586701
633724
811318
829378
584183
270786
845300
428347
97527
501780
190008
939597
236770
670068
391762
490406
716987
167807
513110
157355
707340
965604
404105
987476
335682
352135
370180
694515
574636
595975
492678
962541
998678
817838
431815
858537
680226
667912
749885
983935
849328
495252
368164
793236
35968
979707
341536
43669
492416
461351
306013
698374
791714
596936
87119
738859
133583
682477
637087
851460
865992
790309
180348
500925
440043
238617
232688
190199
616848
634456
523145
568211
499594
604188
455756
179467
208817
750379
774003
696526
585499
597984
212324
981528
172014
859491
990062
596509
170768
528462
44220
447068
522566
872229
757921
844238
241488
663358
393276
613432
720794
183894
984091
855841
716911
696439
449149
196165
502462
425408
773457
70425
352177
977753
908670
569620
68921
935469
914857
857458
797671
171269
193158
521521
852195
603895
846316
258863
797084
951450
791729
158717
722463
448598
112753
543104
684799
979138
420135
926584
467401
596938
940415
506205
458790
138013
613666
665689
65415
114686
184301
156901
317408
725753
255152
40012
880030
79446
422031
373740
675422
222824
354939
270046
484150
989206
656416
903857
998053
330481
426461
756176
801266
446362
202375
959307
306565
253758
60119
683688
982481
487540
203579
666150
606069
904557
670357
540021
856302
266582
18299
621162
584656
733768
132886
605744
909826
799471
254506
514028
988321
25998
959804
357106
743889
373455
833983
190089
802432
960488
106821
538149
649153
556296
781147
443409
583132
410502
254848
174867
617030
880518
323980
442728
531365
604893
290076
149306
769626
723861
16426
346915
648212
781153
202288
40744
929650
254992
853027
511867
814651
790811
791349
813543
857794
231528
180291
39857
108768
467239
748306
222594
407599
932997
434812
585285
965577
603932
841167
124395
752962
57537
83197
949888
841147
995695
490364
651129
603991
198350
588534
873864
750672
270594
268305
483593
576382
248477
841643
199379
192371
985835
974234
670808
8081
85559
546198
585541
891008
583379
863616
358292
449745
940490
832426
965967
856266
913342
141630
399827
295416
813400
150349
62572
966359
542943
730010
804328
687884
492270
550192
11309
62914
212304
144497
277878
117742
232184
219542
586409
961552
356449
856068
959729
951942
97273
457717
292867
437388
771324
84196
634139
262290
555146
824295
779963
529126
10645
119662
304401
707695
528320
745077
913729
739117
982239
748686
748576
286013
775443
223593
102895
472089
768947
25609
736676
79496
398198
542959
79889
871070
581945
162879
512633
773684
73255
580047
310202
696307
625218
772031
477410
936976
948864
722519
160407
613475
870353
484386
556385
918444
202222
710707
505585
479
321607
976756
909082
284886
864121
713055
580961
176222
332538
446942
818286
472880
387500
412345
396714
448064
244281
73272
395509
656554
584457
298739
461341
870116
433908
843083
532940
969875
658078
580294
59856
976696
176901
421003
582632
704232
451404
330291
461866
886098
400382
310783
2147
716464
388858
682974
574658
898608
60253
381268
616229
49246
540405
297618
681368
759840
745900
352752
56012
668663
723096
269766
676481
728610
62524
117529
928431
902125
16742
321784
612164
806499
294707
335515
628069
804189
758849
516978
285265
921380
769312
942450
822604
135376
555888
226850
899474
842976
859097
371240
640896
697765
483258
703378
532534
816750
471610
17996
796057
103273
328508
965857
473903
134151
265287
277744
857422
12386
91480
603967
2226
594415
605501
395941
124775
435355
385547
639800
647725
363614
512112
879646
431999
53207
387666
776591
294934
587911
515408
20576
486972
499066
809619
44663
825938
218941
432480
926755
423932
103357
414347
970407
490872
689586
121825
787211
226467
681695
996255
240061
642823
323580
388083
435636
880178
544280
70303
35065
450354
114565
235215
732806
447260
576156
974019
994449
668608
642327
503559
294045
714177
612248
889905
509252
970030
969089
891180
648649
891205
168923
515670
308796
975901
709688
287046
301829
375351
563495
964461
970062
408961
49713
475476
24030
784639
706574
509095
377281
396108
472006
383498
751858
160621
440828
873533
798662
61568
224518
930007
719514
112243
44361
764079
879124
998664
950173
492161
413768
403021
700500
358046
335616
642735
700127
77148
752385
41901
976694
792977
103986
990880
542624
966074
43667
412479
493462
805585
592056
399579
672732
750351
10335
98076
21453
203468
320925
869215
720452
566246
693826
843285
663953
793188
813217
627353
358829
635911
909481
203402
273907
850954
48189
96603
905629
572535
331388
708122
626372
48034
903210
37267
837795
537160
796385
817410
564189
33736
779236
129864
677593
191436
554610
565333
409023
385252
311270
713105
53644
483486
777242
12861
835893
21694
432098
125266
428491
503953
884417
959788
697618
577058
417078
17179
83522
830173
245796
739684
26490
664519
633317
303920
493113
892234
847525
228714
235386
269766
120872
777280
374369
788597
269947
498824
689541
290160
855478
343447
42370
612527
269194
737114
614886
584966
149772
305973
642250
535452
856937
478396
665621
79364
398597
730554
882383
746700
336519
728381
181005
614467
394081
88206
302646
234912
803354
823464
910677
436036
629338
373397
516218
423832
13151
734834
180672
859703
332359
352330
323991
270703
662266
628305
516677
112614
611883
787629
819587
156832
525885
510856
353092
191830
807
151220
28131
190123
113394
960914
294632
443210
341282
280723
835217
645974
162286
685555
392125
498926
640383
387881
425769
678169
737464
763315
595739
33952
852464
176712
212874
795590
525665
206846
446402
317889
573719
418902
823143
199425
998286
440250
730239
365695
561814
827420
68274
638377
477451
574152
793057
198831
39131
651141
24307
206425
878336
91452
175247
661529
546122
711786
619877
225090
957033
267631
505825
740974
904973
708703
339858
814481
630838
186316
130098
922374
50775
44521
270352
632277
692091
438832
688794
208048
744176
891896
359050
746797
547029
37245
317882
927611
549502
632585
833476
584687
135130
472052
207681
486192
949228
581267
59059
191458
614332
510306
561248
824037
744895
804656
366067
374207
848832
864225
464064
322326
202731
909448
916168
293366
323146
589657
965781
603206
112239
744965
894213
108875
350044
323739
251318
357262
635422
523481
237133
529827
368758
739489
735889
594025
594186
36088
566806
812701
598308
331653
619428
40543
152484
808986
322836
461299
426481
651436
448100
598388
889357
141100
320471
864479
19080
389914
597119
911573
507382
782849
595080
225207
646027
933394
635673
111871
572781
401836
106749
289628
842232
225798
534736
435034
999208
931686
924572
982611
85166
730464
314028
825521
777209
109114
168068
927332
86508
893673
110041
401915
815516
719236
694485
253059
100284
373207
946026
489198
185208
204243
269944
20701
320810
866710
385852
491677
598765
761219
466214
785328
423755
30576
909889
460997
750272
108740
352859
919231
241575
198452
426020
960437
131999
541123
989460
618893
730073
706361
711384
98665
225166
58237
591017
134957
358211
608392
253462
720303
635615
537535
547855
297439
279282
178258
402401
633229
348434
30186
578559
40994
561098
174028
798960
947516
121083
982600
396629
317270
161998
97200
624583
98315
28444
877266
140987
552024
762601
613564
577022
363379
685972
223922
334125
894869
962156
223557
614646
731542
430046
198931
941740
154661
51404
435895
235982
26887
403606
462317
386829
884483
429453
861633
750618
660697
163293
942412
638993
307125
889014
289176
238814
118718
653876
185344
869449
36180
784132
850429
633813
463448
179772
929596
763919
169857
619979
478884
657353
594723
761558
712818
235219
867636
501514
214903
508424
33327
2709
570260
655070
247582
436889
794742
248308
30041
494518
240306
24699
834526
854918
744298
566512
228052
219171
895833
35784
186521
819693
767849
406763
319940
581194
485437
252445
692524
648452
327386
187665
95949
659356
546332
817948
672136
401356
386945
228435
713544
567872
499640
173130
220267
180327
131758
243599
487994
471270
4098
220309
817772
587221
242516
277325
266938
617384
851610
825773
703536
832170
490036
114498
733618
253956
297129
598503
567358
891743
633613
306821
106486
257882
815248
757852
436826
106397
674599
509278
855370
696459
886519
103408
505241
208357
538415
544716
600875
886245
343869
432140
963285
604747
6132
81929
294098
273349
748512
212727
485266
859316
257405
670831
325928
119180
831441
344955
516519
170167
55204
312834
153995
648087
789614
35552
296668
545799
108580
654337
595308
255616
140353
669360
834093
517443
549868
776836
930046
796902
178866
955562
816255
93540
619843
872641
566828
913092
259004
418336
79054
679550
185468
440610
373424
354117
401687
878817
547884
344517
138162
802079
399678
843275
941821
688832
592492
106270
285336
718625
248159
349329
805441
193788
532044
167525
506102
212872
648606
636415
245517
770543
736702
392749
410838
392323
894954
787253
360739
918072
704355
325627
567232
526209
919474
962583
632580
335344
356560
316942
795618
339990
815898
597402
594876
608945
996306
646792
329514
580649
102493
504180
798449
672200
50348
369831
587692
419448
404072
952582
553641
92713
222087
554845
399920
431535
925300
229742
487858
220737
640928
810234
111071
700684
352709
169405
132517
766004
482750
641669
579420
636587
809976
415591
418018
254252
507838
299181
242300
220691
247075
380905
705067
860041
367781
728529
487735
856662
997064
293014
66577
908755
358414
799348
262658
982576
453022
747206
414334
521509
137164
745424
190215
522211
688366
693210
789838
599495
332779
301431
348997
335626
531496
842275
361443
427082
30155
690902
586190
756423
737448
748604
258965
613928
842637
418296
146546
85328
553330
299551
974691
267272
903256
393591
130575
886577
498800
754955
816343
35015
527712
23589
514200
95977
193764
385734
972017
762831
348188
151256
622734
218364
975792
842128
114807
247174
76946
247198
340364
472056
908473
973486
760185
498044
95528
848514
393895
902733
40879
867655
235742
994275
781870
149689
853623
478374
837230
837394
822858
57154
647563
533576
962623
474650
136671
14612
374530
376171
188562
863930
240203
555490
395109
176031
359337
679767
842622
63140
467859
368232
836168
364827
383474
876348
139406
948185
592534
742355
913959
659731
107708
448989
473262
80617
60918
255308
499634
485379
782785
2540
156027
657098
759395
435706
79226
594359
893008
367340
730503
551638
64652
430394
139252
811175
668053
450324
917915
107538
732269
231579
750088
777379
524188
257413
319150
674618
580293
155713
724416
181133
136923
846652
768597
80423
499396
528188
526114
243111
497604
529908
802799
462987
830890
715163
162437
700260
364264
210079
614461
278301
691263
995539
649486
417597
548109
217128
822614
285887
335661
35221
74178
234935
299598
395303
249027
875170
832556
601347
945785
608515
644021
711273
933791
552018
326521
545903
360584
331565
629812
291948
326484
888916
254569
465554
418342
972987
982185
77627
310749
3654
441614
238552
620467
136839
942946
22076
544964
292184
66266
186340
984464
141206
358323
724164
540144
433102
973940
663304
587193
858629
74751
139392
741722
142773
472496
161064
751065
312114
19583
226191
82268
866525
238413
480617
332705
613981
172234
16520
407862
71698
329572
482280
209917
172199
247930
534967
454105
839245
773914
893419
576811
836378
477707
701577
379781
274307
66076
516464
637849
314241
309512
265202
871419
455511
279800
220446
707767
913021
605438
460261
481427
889759
238570
62321
161874
412168
684619
476897
696941
741552
882382
235221
365409
6435
126879
669155
675356
30148
263640
116832
379524
966032
516899
355676
118734
708756
782553
720328
817199
676295
438712
818639
913146
880160
281572
626906
405117
383091
896922
409397
618170
481635
436796
468920
44274
14863
487327
132609
635039
198019
203501
318294
286176
32183
286244
177614
103812
991355
597703
888368
923835
661054
798505
243922
256659
229666
106798
615905
980813
143047
286587
995510
583678
64496
929958
132982
758946
443363
830866
704673
631570
42263
374699
704522
581488
127316
141604
587340
569100
913848
241344
687372
427076
20086
939678
149919
183341
827299
763575
826606
472283
819573
434036
139851
392119
388376
190565
965208
456488
600554
342448
537687
584405
672880
207777
628113
179217
704447
382094
480547
381381
242565
637782
281091
725786
470016
240313
337088
470623
555666
146418
468888
348945
599547
682805
294071
50728
899309
653163
176147
314633
530422
145648
841313
183934
841620
124958
6493
586555
282042
963973
432352
53823
34268
580606
522760
204874
368787
477508
519417
529033
667414
341196
340328
241549
737486
77120
835846
175728
145090
129168
304896
266715
938355
224626
726964
933096
609009
670094
138290
919831
585826
112785
825202
442557
179357
884529
107492
311845
315485
119277
751270
3895
908604
113864
254390
880658
55265
701711
439314
574517
380383
352918
159586
410899
949441
301472
775919
60404
670338
373610
6438
56270
479159
431129
9360
943286
557795
320155
455614
496735
849402
479698
651128
421699
244107
138711
219156
412370
80995
648583
356672
854396
867400
160689
965436
22720
746849
620357
751069
505114
422400
460053
132947
779608
774038
889653
239980
610769
33597
812300
559429
932464
353723
609805
127782
607337
23712
716266
97538
212935
944320
698550
984408
110928
116543
465954
31167
402319
721074
127455
881832
625484
20479
398199
839879
846101
60184
105041
583217
337843
143783
115672
112099
842218
380507
652870
604024
416408
822310
381400
422059
782199
657637
480791
492139
579392
208665
605502
549224
280625
550685
433784
667197
799330
691893
571084
20340
823476
314472
279584
888850
917631
805445
151488
167144
14222
742322
871856
957841
987238
476764
142628
241670
972205
426713
314155
200901
980975
29421
711937
212666
490225
74941
438621
995479
637690
997377
973994
490066
133954
241255
778685
745628
216694
255746
662567
990626
982154
486836
739706
779093
478609
280199
490998
293791
922888
668064
593097
966399
701054
470463
894491
53916
985559
906732
194613
282227
217898
224632
169482
609323
319312
146108
951016
183252
870427
636192
223054
19407
243483
989204
214700
755022
987987
927153
9727
325403
342765
659898
434107
218087
227609
239847
997031
283491
27620
666974
345301
619459
838346
849048
247429
917053
920732
484247
846075
10221
460915
292368
879815
214608
493576
623537
39474
687767
2791
146509
440505
914820
731409
905145
42575
355569
140824
720943
246500
873869
379834
965860
937718
852124
185379
589999
645066
119416
799380
252225
435176
329276
566758
892283
992737
435539
303235
161678
790506
850971
886849
980648
689496
182224
669036
523080
648537
361645
203337
783969
542741
589766
547730
963447
400744
193604
219361
718569
926982
200375
21970
895790
254189
834283
552274
569647
515484
149425
290494
211311
570023
824918
185979
846900
65442
272131
989920
902684
931319
463915
730230
591275
889098
5073
364815
651253
342401
795971
862333
632662
532691
308712
367944
498477
236629
66481
151692
639144
117254
265233
873000
950897
187934
857718
735675
294137
978560
630177
839237
282275
120366
417649
650423
556242
284161
363033
183071
485179
26842
138610
960294
828325
569007
688093
884669
471153
5690
961508
765482
802458
740178
475225
731332
699961
995806
724350
337828
861941
428947
220471
808898
492369
456941
544860
505146
392875
868407
42632
628026
633289
10035
408594
272398
418796
504787
563771
392058
818578
591701
617996
536854
366143
781395
440746
154089
554663
367577
673167
260276
8046
290349
571510
792772
136872
534982
834723
673692
42460
357709
440777
437566
6262
652844
406942
316447
985753
207332
718340
552720
610161
513991
264380
10696
117346
624013
479907
171732
341502
355500
638855
170593
548288
203678
940865
135775
296541
772378
474010
605596
443936
891654
687524
688936
565024
243870
18084
618896
388775
712814
748760
151269
292840
803940
951512
837528
313201
766929
130174
860398
886591
497329
967387
522859
887971
645217
292359
683140
49783
974832
106079
563630
406209
412833
554433
498085
168161
194264
461417
65598
720752
17711
401766
191311
591868
142171
104456
673646
899621
445160
24444
451260
146684
930681
563701
340871
885054
400257
331590
954468
940088
409751
611991
229973
393942
487616
759283
336724
484687
492520
321358
904163
125258
44509
243250
623819
730486
212257
784218
848212
602342
330555
90364
542317
488531
125857
107144
90007
424024
503751
291219
284689
303832
668372
100031
404926
262498
737763
357644
638671
737171
267887
226914
146294
276192
338583
407315
196634
560316
683319
722202
244314
36247
185419
208726
909541
988343
172478
653241
900877
178889
134097
97752
7469
464459
829604
91193
155708
18232
873778
666837
935672
397900
635096
759395
520242
442123
922428
212863
184729
726711
644192
359453
591272
670745
121324
762634
540373
110868
392025
430225
199273
535179
258905
306804
995340
433429
605463
72803
740616
903259
632335
532652
492779
458054
15900
494954
419629
367009
247437
659590
68469
60106
243525
60164
945802
826430
455743
878946
68223
611786
76039
313573
731721
853371
12390
435268
351612
948653
918836
429141
229098
366597
234578
190579
536954
601713
146805
591790
254044
514675
946304
720903
120650
404852
307892
995846
98966
926761
477905
473342
602967
863003
983712
323544
634425
58851
579245
749317
309977
844085
701368
628120
987325
430300
815965
299556
41282
782279
413202
49948
701257
700166
59796
634053
945763
896066
702089
43094
513420
167509
935634
75482
101108
869139
885330
873009
856033
452340
765698
618629
697120
181635
477547
174532
157970
137438
926201
716206
310339
214803
82202
264677
533704
757924
594550
146999
949223
165322
165004
938112
546350
690364
911465
349696
205909
741394
867026
722478
820307
421891
921484
189838
406273
126512
335593
39995
464684
18123
59486
921799
72768
161877
865008
232884
816971
855330
228511
152857
20304
590501
733817
440562
39225
157772
282150
605963
891513
334980
21541
770826
157471
67342
157016
109355
671105
901065
772210
539549
642200
532997
446206
387093
172705
806896
140427
488377
347488
252691
755870
391810
590005
32982
760855
289152
95309
277833
281456
677153
570949
461689
176829
816414
379322
244181
657032
517497
28606
511760
532181
139245
756222
120130
428115
363295
229118
943672
235931
323115
486699
740778
722847
979492
851239
580024
879178
238456
732210
822625
271160
727242
559753
631081
188556
385301
227296
53230
819055
535735
408280
476262
705589
431642
138882
787967
910690
56609
911366
563434
461584
640072
923469
398597
452956
121422
726878
604250
47940
518392
574321
565741
310742
439951
938546
787319
851612
618678
376783
423537
370188
903074
359013
11566
539521
695188
804245
77553
268618
447716
100080
16807
351104
847617
830851
471614
101141
145427
163094
489042
579991
109525
421522
245641
313538
302162
419767
633627
6403
265696
359266
520177
343745
43868
123098
736125
642955
969317
576967
999579
948614
61529
547300
136318
963778
895568
227857
944073
804526
867927
552526
991563
828083
84423
67619
566682
187603
99001
4899
16229
896456
661578
989277
207166
91898
484385
92876
538553
379509
631973
51947
235016
475798
836354
620388
812926
116490
853843
886055
823680
993266
98857
177979
191657
667580
813503
162227
276337
727124
388112
367812
282275
60620
322243
273055
215453
46167
181066
630044
662261
301490
846684
246702
955013
721784
674261
685849
16983
832241
448366
61452
881699
34694
861608
863170
425669
813984
964206
479898
413607
543451
790338
569212
405364
408717
734602
281901
199038
251109
24560
514026
331227
108668
858186
507792
626126
438306
754955
419365
976461
871827
890113
69414
692007
477526
145338
791783
818812
835260
201344
783901
161205
217287
6368
187961
962385
981110
281173
174438
164502
468308
369728
471333
93773
104091
312817
337193
237275
699144
247263
201599
983698
163320
572148
771352
158679
181121
756286
617070
402151
583991
389441
395097
837326
647800
134824
152839
446691
121274
705368
987103
611912
136232
647609
893775
845723
735509
493275
101085
305439
278734
5254
331852
487937
131021
404533
955442
849668
973030
395347
791648
250753
10666
496700
3513
135418
709755
110867
247573
719049
631860
17337
82155
741921
368485
489905
954235
618835
251373
18360
627700
336167
609423
694797
702912
159282
280374
781382
525087
292967
391286
658851
130759
562150
39349
174553
962926
147654
306870
260524
670126
163282
120480
708595
627266
861491
729541
469900
166886
770875
249124
971357
925962
226177
361275
735097
893690
539688
498195
700895
581271
676985
154619
426213
428041
595442
286522
234199
166918
380209
615443
783650
76761
384000
110222
31191
123722
562333
896236
271317
979734
418717
776140
39905
385781
617202
26027
439973
152697
374953
412482
606780
149441
742461
903713
981374
590751
843512
423195
460929
104518
788364
515310
755039
740649
90102
